function [y,df]=projectfxfull(x)

x1=x(1);
x2=x(2);
x3=x(3);
x4=x(2);
x5=x(5);
dydx1=-0.0316186095275369*x1*(x5 - 101325)/(-4.18868548503127*x2^3 - 3.14159265358979*x2^2 + 4.18868548503127*x3^3 + 3.14159265358979*x3^2);
dydx2=-0.000901067380371304*x1^2*(12.5660564550938*x2^2 + 6.28318530717959*x2)*(x5 - 101325)/(-x2^3 - 0.750018750468762*x2^2 + x3^3 + 0.750018750468762*x3^2)^2;
dydx3=-0.000901067380371304*x1^2*(-12.5660564550938*x3^2 - 6.28318530717959*x3)*(x5 - 101325)/(-x2^3 - 0.750018750468762*x2^2 + x3^3 + 0.750018750468762*x3^2)^2;
dydx4=0;
dydx5=-0.0158093047637685*x1^2/(-4.18868548503127*x2^3 - 3.14159265358979*x2^2 + 4.18868548503127*x3^3 + 3.14159265358979*x3^2);
y=-0.0158093047637685*x1^2*(x5 - 101325)/(-4.18868548503127*x2^3 - 3.14159265358979*x2^2 + 4.18868548503127*x3^3 + 3.14159265358979*x3^2) - 9.81;%*sin(x4)*cos(x1);
df=[dydx1,dydx2,dydx3,dydx4,dydx5];

