function [y,df]=projectfxreduced(x)

x1=x(1);
%x2=x(2);
%x3=x(3);
x4=x(2);
%x5=x(5);
dydx1=-(2567.10141741621*x1/(0.0131946891450771*x4 + 0.00277926334807332));
%dydx2=
%dydx3=
dydx4=(97277.8285714286*x1^2)/(x4 + 0.210635)^2;
%dydx5=
y=9.81*(-(41.648*pi*x1^2)/(0.0042*pi*x4+0.000884667*pi)-1);%*sin(x4)*cos(x1);
df=[dydx1,dydx4];

